 2002 10  1 12.00   408    428171.0    408688.0  3672.0     1.05    66.43     4.98   179.15     4.25
 2002 10  2 12.00   408    428171.0    408688.0  3672.0    -0.68    89.42     7.20   189.22     3.88
 2002 10  3 12.00   408    428171.0    408688.0  3672.0    -3.17    86.88     7.94   257.36     5.88
 2002 10  4 12.00   408    428171.0    408688.0  3672.0    -2.88    80.47     3.80   300.29     0.00
 2002 10  5 12.00   408    428171.0    408688.0  3672.0    -0.85    77.48     6.03   301.46     0.00
 2002 10  6 12.00   408    428171.0    408688.0  3672.0     0.05    72.48     3.82   338.65     0.00
 2002 10  7 12.00   408    428171.0    408688.0  3672.0     2.71    59.95     6.13   316.66     0.00
 2002 10  8 12.00   408    428171.0    408688.0  3672.0     2.72    57.92     4.03   256.13     0.00
 2002 10  9 12.00   408    428171.0    408688.0  3672.0     3.40    45.72     2.58   317.52     0.00
 2002 10 10 12.00   408    428171.0    408688.0  3672.0     4.81    32.23     4.20   248.91     0.00
 2002 10 11 12.00   408    428171.0    408688.0  3672.0     4.93    38.57     6.64   254.44     0.55
 2002 10 12 12.00   408    428171.0    408688.0  3672.0    -0.56    24.55     6.09   295.03     0.00
 2002 10 13 12.00   408    428171.0    408688.0  3672.0    -0.62    31.50     3.23   245.96     0.00
 2002 10 14 12.00   408    428171.0    408688.0  3672.0     0.78    31.00     5.19   294.98     0.00
 2002 10 15 12.00   408    428171.0    408688.0  3672.0    -0.40    34.81     4.90   304.29     0.00
 2002 10 16 12.00   408    428171.0    408688.0  3672.0    -1.32    44.61     3.59   312.41     0.00
 2002 10 17 12.00   408    428171.0    408688.0  3672.0     0.34    39.12     3.43   302.40     0.00
 2002 10 18 12.00   408    428171.0    408688.0  3672.0    -0.01    37.43     3.62   348.40     0.00
 2002 10 19 12.00   408    428171.0    408688.0  3672.0    -0.06    33.85     2.48   306.42     0.00
 2002 10 20 12.00   408    428171.0    408688.0  3672.0    -0.89    34.06     2.36   317.43     0.00
 2002 10 21 12.00   408    428171.0    408688.0  3672.0     0.12    31.64     1.91   308.73     0.00
 2002 10 22 12.00   408    428171.0    408688.0  3672.0    -1.54    60.93     3.81   231.53     3.14
 2002 10 23 12.00   408    428171.0    408688.0  3672.0    -2.69    91.71     2.42   248.88     4.53
 2002 10 24 12.00   408    428171.0    408688.0  3672.0    -4.03    83.69     2.44   258.14     1.22
 2002 10 25 12.00   408    428171.0    408688.0  3672.0    -4.98    73.19     2.90   252.79     0.64
 2002 10 26 12.00   408    428171.0    408688.0  3672.0    -3.64    73.90     3.05   192.51     1.06
 2002 10 27 12.00   408    428171.0    408688.0  3672.0    -3.26    88.18     3.97   291.72     0.85
 2002 10 28 12.00   408    428171.0    408688.0  3672.0    -4.45    79.03     4.73   296.53     0.14
 2002 10 29 12.00   408    428171.0    408688.0  3672.0    -9.41    87.41     3.74   182.79     1.78
 2002 10 30 12.00   408    428171.0    408688.0  3672.0    -9.03    83.52     5.41   244.60     2.87
 2002 10 31 12.00   408    428171.0    408688.0  3672.0    -5.95    82.43     4.49   233.11     6.13
 2002 11  1 12.00   408    428171.0    408688.0  3672.0    -5.18    84.29     5.18   214.31     2.94
 2002 11  2 12.00   408    428171.0    408688.0  3672.0    -6.58    80.38     4.72   222.39     2.25
 2002 11  3 12.00   408    428171.0    408688.0  3672.0   -10.27    57.40     3.78     6.21     0.02
 2002 11  4 12.00   408    428171.0    408688.0  3672.0    -6.02    45.93     5.07   280.09     0.00
 2002 11  5 12.00   408    428171.0    408688.0  3672.0    -8.35    60.40     6.62   302.42     0.00
 2002 11  6 12.00   408    428171.0    408688.0  3672.0    -3.80    35.13     3.84   321.10     0.00
 2002 11  7 12.00   408    428171.0    408688.0  3672.0    -0.96    29.42     7.07   312.27     0.00
 2002 11  8 12.00   408    428171.0    408688.0  3672.0    -1.87    67.27     7.64   296.18     2.65
 2002 11  9 12.00   408    428171.0    408688.0  3672.0    -5.70    91.74     9.11   293.41    11.99
 2002 11 10 12.00   408    428171.0    408688.0  3672.0    -9.66    75.97     6.70   296.99     1.58
 2002 11 11 12.00   408    428171.0    408688.0  3672.0   -11.67    81.07     5.07   331.36     0.78
 2002 11 12 12.00   408    428171.0    408688.0  3672.0   -10.16    54.62     4.04   324.25     0.00
 2002 11 13 12.00   408    428171.0    408688.0  3672.0    -4.55    68.68     3.66   313.89     1.59
 2002 11 14 12.00   408    428171.0    408688.0  3672.0    -8.90    82.92     4.41   324.79     0.36
 2002 11 15 12.00   408    428171.0    408688.0  3672.0   -10.58    84.12     4.55   346.20     0.46
 2002 11 16 12.00   408    428171.0    408688.0  3672.0    -8.54    50.28     4.08   293.65     0.00
 2002 11 17 12.00   408    428171.0    408688.0  3672.0    -3.56    39.75     4.37   297.37     0.29
 2002 11 18 12.00   408    428171.0    408688.0  3672.0    -7.79    60.18     5.71   308.39     0.48
 2002 11 19 12.00   408    428171.0    408688.0  3672.0    -7.58    64.83     4.70   331.01     0.00
 2002 11 20 12.00   408    428171.0    408688.0  3672.0    -3.44    71.43     3.91   339.90     0.00
 2002 11 21 12.00   408    428171.0    408688.0  3672.0    -3.58    69.91     2.76   340.42     0.00
 2002 11 22 12.00   408    428171.0    408688.0  3672.0     0.11    34.03     2.21   266.38     0.00
 2002 11 23 12.00   408    428171.0    408688.0  3672.0    -1.10    37.50     4.01   219.23     0.11
 2002 11 24 12.00   408    428171.0    408688.0  3672.0    -8.67    82.77     6.39   312.14     5.45
 2002 11 25 12.00   408    428171.0    408688.0  3672.0   -11.12    66.02     3.96   349.15     0.32
 2002 11 26 12.00   408    428171.0    408688.0  3672.0   -13.11    41.63     3.45   324.34     0.00
 2002 11 27 12.00   408    428171.0    408688.0  3672.0   -10.09    54.25     4.84   328.74     0.00
 2002 11 28 12.00   408    428171.0    408688.0  3672.0    -5.63    64.97     3.54   314.06     0.00
 2002 11 29 12.00   408    428171.0    408688.0  3672.0    -2.78    51.65     3.52   298.42     0.00
 2002 11 30 12.00   408    428171.0    408688.0  3672.0    -0.46    45.48     5.87   303.95     0.00
 2002 12  1 12.00   408    428171.0    408688.0  3672.0    -3.30    66.94     5.04   338.46     0.74
 2002 12  2 12.00   408    428171.0    408688.0  3672.0    -5.47    75.18     3.83   283.81     0.00
 2002 12  3 12.00   408    428171.0    408688.0  3672.0    -6.40    59.89     1.88   192.69     0.00
 2002 12  4 12.00   408    428171.0    408688.0  3672.0    -7.30    77.81     5.40   324.70     0.16
 2002 12  5 12.00   408    428171.0    408688.0  3672.0    -8.76    78.11     4.71   352.10     0.69
 2002 12  6 12.00   408    428171.0    408688.0  3672.0    -9.52    58.92     4.46   342.35     0.00
 2002 12  7 12.00   408    428171.0    408688.0  3672.0    -8.41    50.85     2.45   348.88     0.00
 2002 12  8 12.00   408    428171.0    408688.0  3672.0    -7.61    51.52     2.79   177.09     0.00
 2002 12  9 12.00   408    428171.0    408688.0  3672.0    -6.91    37.61     5.37   305.98     0.00
 2002 12 10 12.00   408    428171.0    408688.0  3672.0    -5.69    28.99     4.82   339.90     0.00
 2002 12 11 12.00   408    428171.0    408688.0  3672.0   -10.38    65.76     6.64   335.60     0.02
 2002 12 12 12.00   408    428171.0    408688.0  3672.0    -9.98    71.51     9.03   338.88     0.15
 2002 12 13 12.00   408    428171.0    408688.0  3672.0    -7.22    79.91     5.85   335.15     0.00
 2002 12 14 12.00   408    428171.0    408688.0  3672.0    -3.66    52.84     5.79   315.12     0.00
 2002 12 15 12.00   408    428171.0    408688.0  3672.0    -2.83    43.36     8.09   276.95     0.25
 2002 12 16 12.00   408    428171.0    408688.0  3672.0    -5.33    42.82     6.84   324.15     0.07
 2002 12 17 12.00   408    428171.0    408688.0  3672.0    -8.29    74.14     3.87   340.33     1.74
 2002 12 18 12.00   408    428171.0    408688.0  3672.0   -12.90    73.81     5.33   354.44     0.00
 2002 12 19 12.00   408    428171.0    408688.0  3672.0   -16.43    70.93     4.44   339.68     0.00
 2002 12 20 12.00   408    428171.0    408688.0  3672.0   -11.63    54.60     4.66   294.79     0.00
 2002 12 21 12.00   408    428171.0    408688.0  3672.0   -13.60    73.14     3.76   332.94     0.00
 2002 12 22 12.00   408    428171.0    408688.0  3672.0   -13.29    72.71     2.97   206.58     0.00
 2002 12 23 12.00   408    428171.0    408688.0  3672.0   -14.63    75.84     5.79   186.74     0.00
 2002 12 24 12.00   408    428171.0    408688.0  3672.0   -14.21    74.92     3.28   246.26     0.00
 2002 12 25 12.00   408    428171.0    408688.0  3672.0   -15.04    78.19     3.27   264.78     0.00
 2002 12 26 12.00   408    428171.0    408688.0  3672.0   -15.02    75.18     5.53   219.31     0.00
 2002 12 27 12.00   408    428171.0    408688.0  3672.0    -8.90    63.81     7.70   240.24     0.00
 2002 12 28 12.00   408    428171.0    408688.0  3672.0    -2.62    41.84     4.12   220.10     0.00
 2002 12 29 12.00   408    428171.0    408688.0  3672.0    -4.41    42.89     6.32   293.06     0.00
 2002 12 30 12.00   408    428171.0    408688.0  3672.0   -10.25    50.03     8.14   324.79     0.00
 2002 12 31 12.00   408    428171.0    408688.0  3672.0    -6.15    67.46     5.39   311.41     1.69
 2003  1  1 12.00   408    428171.0    408688.0  3672.0   -11.22    76.36     5.57     4.96     0.16
 2003  1  2 12.00   408    428171.0    408688.0  3672.0    -9.77    70.49     6.08   309.17     0.00
 2003  1  3 12.00   408    428171.0    408688.0  3672.0    -4.31    82.50     8.71   328.26     0.00
 2003  1  4 12.00   408    428171.0    408688.0  3672.0    -3.87    70.26     7.36   326.98     0.17
 2003  1  5 12.00   408    428171.0    408688.0  3672.0    -5.74    80.64     4.94   355.69     2.80
 2003  1  6 12.00   408    428171.0    408688.0  3672.0    -5.50    60.90     3.28   336.47     0.00
 2003  1  7 12.00   408    428171.0    408688.0  3672.0    -1.32    32.94     2.19     6.60     0.00
 2003  1  8 12.00   408    428171.0    408688.0  3672.0     0.06    28.30     4.85   329.61     0.00
 2003  1  9 12.00   408    428171.0    408688.0  3672.0    -7.40    51.82     3.26   359.13     0.00
 2003  1 10 12.00   408    428171.0    408688.0  3672.0    -6.95    73.44     4.62   319.20     0.51
 2003  1 11 12.00   408    428171.0    408688.0  3672.0    -7.73    80.47     3.81   336.53     1.65
 2003  1 12 12.00   408    428171.0    408688.0  3672.0    -8.79    72.78     5.55   347.93     0.00
 2003  1 13 12.00   408    428171.0    408688.0  3672.0    -5.87    75.11     5.15   335.33     0.00
 2003  1 14 12.00   408    428171.0    408688.0  3672.0    -3.50    55.99     3.10   295.90     0.00
 2003  1 15 12.00   408    428171.0    408688.0  3672.0    -8.90    67.08     7.51   332.15     2.71
 2003  1 16 12.00   408    428171.0    408688.0  3672.0   -13.14    62.82     4.78   317.59     1.79
 2003  1 17 12.00   408    428171.0    408688.0  3672.0   -11.89    67.50     7.54   340.25     0.46
 2003  1 18 12.00   408    428171.0    408688.0  3672.0    -8.69    52.98     9.07   315.52     0.00
 2003  1 19 12.00   408    428171.0    408688.0  3672.0    -4.54    41.59    10.35   298.51     0.00
 2003  1 20 12.00   408    428171.0    408688.0  3672.0    -2.54    29.14     6.54   311.12     0.00
 2003  1 21 12.00   408    428171.0    408688.0  3672.0    -5.53    62.42     9.42   300.71     0.00
 2003  1 22 12.00   408    428171.0    408688.0  3672.0    -6.84    63.87     7.82   317.05     0.00
 2003  1 23 12.00   408    428171.0    408688.0  3672.0    -4.09    73.90     4.21   309.32     1.26
 2003  1 24 12.00   408    428171.0    408688.0  3672.0    -4.93    79.48     4.02   355.56     1.65
 2003  1 25 12.00   408    428171.0    408688.0  3672.0    -7.46    78.31     4.77     2.53     0.97
 2003  1 26 12.00   408    428171.0    408688.0  3672.0    -5.58    73.43     7.63   317.15     0.00
 2003  1 27 12.00   408    428171.0    408688.0  3672.0    -1.04    58.66     9.45   307.60     0.18
 2003  1 28 12.00   408    428171.0    408688.0  3672.0    -4.19    63.93     7.28   298.62     1.06
 2003  1 29 12.00   408    428171.0    408688.0  3672.0    -5.35    59.26     6.88   317.88     0.00
 2003  1 30 12.00   408    428171.0    408688.0  3672.0    -3.59    66.76     6.49   331.32     4.24
 2003  1 31 12.00   408    428171.0    408688.0  3672.0    -1.61    63.18     9.02   305.72     0.14
 2003  2  1 12.00   408    428171.0    408688.0  3672.0     1.37    38.07     9.41   301.82     0.00
 2003  2  2 12.00   408    428171.0    408688.0  3672.0    -5.08    61.04     5.54   132.73     4.57
 2003  2  3 12.00   408    428171.0    408688.0  3672.0   -12.82    69.34     7.35   320.50     0.00
 2003  2  4 12.00   408    428171.0    408688.0  3672.0   -14.16    72.78     4.64   320.06     0.72
 2003  2  5 12.00   408    428171.0    408688.0  3672.0   -16.26    65.68     4.71   288.67     0.00
 2003  2  6 12.00   408    428171.0    408688.0  3672.0   -19.76    71.40     4.72   254.38     0.00
 2003  2  7 12.00   408    428171.0    408688.0  3672.0   -19.95    68.00     5.27   287.17     0.00
 2003  2  8 12.00   408    428171.0    408688.0  3672.0   -18.82    65.64     4.69   277.81     0.00
 2003  2  9 12.00   408    428171.0    408688.0  3672.0   -16.56    69.88     7.26   312.78     0.00
 2003  2 10 12.00   408    428171.0    408688.0  3672.0   -13.18    53.38     5.24   279.11     1.17
 2003  2 11 12.00   408    428171.0    408688.0  3672.0    -8.59    46.10     5.40   281.12     0.00
 2003  2 12 12.00   408    428171.0    408688.0  3672.0    -4.38    34.68     4.47   266.12     0.00
 2003  2 13 12.00   408    428171.0    408688.0  3672.0    -1.09    67.26     3.70   213.79     0.54
 2003  2 14 12.00   408    428171.0    408688.0  3672.0    -5.13    88.88     4.21   355.68     3.29
 2003  2 15 12.00   408    428171.0    408688.0  3672.0    -8.15    86.78     2.71   351.86     1.29
 2003  2 16 12.00   408    428171.0    408688.0  3672.0    -5.54    45.10     5.71   251.70     1.56
 2003  2 17 12.00   408    428171.0    408688.0  3672.0   -11.15    73.92    11.52   266.81     1.77
 2003  2 18 12.00   408    428171.0    408688.0  3672.0   -10.84    69.48     6.45   322.80     0.07
 2003  2 19 12.00   408    428171.0    408688.0  3672.0   -10.54    56.50     4.29   312.83     0.00
 2003  2 20 12.00   408    428171.0    408688.0  3672.0    -9.51    59.62     6.54   316.54     0.00
 2003  2 21 12.00   408    428171.0    408688.0  3672.0   -10.65    84.04     8.32   337.52     4.29
 2003  2 22 12.00   408    428171.0    408688.0  3672.0   -10.98    79.25     4.18   328.88     4.09
 2003  2 23 12.00   408    428171.0    408688.0  3672.0   -12.19    74.25     4.37   269.92     0.31
 2003  2 24 12.00   408    428171.0    408688.0  3672.0   -11.32    77.22     5.17   263.62     0.27
 2003  2 25 12.00   408    428171.0    408688.0  3672.0    -6.97    89.45     6.58   258.16     2.18
 2003  2 26 12.00   408    428171.0    408688.0  3672.0    -7.98    90.04     4.46   249.50     2.18
 2003  2 27 12.00   408    428171.0    408688.0  3672.0    -9.31    84.59     2.83   282.63     1.99
 2003  2 28 12.00   408    428171.0    408688.0  3672.0   -11.60    79.56     3.93   246.94     0.32
 2003  3  1 12.00   408    428171.0    408688.0  3672.0   -13.28    76.91     3.12   283.53     0.85
 2003  3  2 12.00   408    428171.0    408688.0  3672.0   -13.40    77.00     4.27   341.51     0.00
 2003  3  3 12.00   408    428171.0    408688.0  3672.0    -8.88    57.91     4.66   255.35     0.00
 2003  3  4 12.00   408    428171.0    408688.0  3672.0   -10.45    84.85     7.81   274.41     2.11
 2003  3  5 12.00   408    428171.0    408688.0  3672.0   -13.25    76.39     8.08   319.86     0.09
 2003  3  6 12.00   408    428171.0    408688.0  3672.0    -8.24    64.56     9.35   247.69     0.62
 2003  3  7 12.00   408    428171.0    408688.0  3672.0    -4.92    54.84     7.82   238.37     1.52
 2003  3  8 12.00   408    428171.0    408688.0  3672.0    -4.14    49.59     8.48   254.43     0.10
 2003  3  9 12.00   408    428171.0    408688.0  3672.0    -3.05    37.23     8.81   279.59     0.00
 2003  3 10 12.00   408    428171.0    408688.0  3672.0    -2.70    44.73     7.42   291.25     0.00
 2003  3 11 12.00   408    428171.0    408688.0  3672.0    -3.30    64.53    10.27   293.50     0.89
 2003  3 12 12.00   408    428171.0    408688.0  3672.0    -1.69    55.92     4.53   316.05     0.00
 2003  3 13 12.00   408    428171.0    408688.0  3672.0     1.21    34.67     3.69   236.30     0.00
 2003  3 14 12.00   408    428171.0    408688.0  3672.0     1.43    37.51     7.11   248.36     0.00
 2003  3 15 12.00   408    428171.0    408688.0  3672.0    -1.16    47.51     4.77   248.84     0.30
 2003  3 16 12.00   408    428171.0    408688.0  3672.0    -2.52    69.40     3.00   201.57     4.64
 2003  3 17 12.00   408    428171.0    408688.0  3672.0    -4.74    98.38     5.46    81.56    13.13
 2003  3 18 12.00   408    428171.0    408688.0  3672.0    -8.76    99.20    10.68    70.33    14.15
 2003  3 19 12.00   408    428171.0    408688.0  3672.0    -6.69    96.20     6.46    59.61     6.27
 2003  3 20 12.00   408    428171.0    408688.0  3672.0    -5.11    87.36     2.58   275.58     5.13
 2003  3 21 12.00   408    428171.0    408688.0  3672.0    -6.78    86.89     3.43   350.26     0.63
 2003  3 22 12.00   408    428171.0    408688.0  3672.0    -6.22    86.36     3.49   357.83     0.64
 2003  3 23 12.00   408    428171.0    408688.0  3672.0    -1.51    60.68     5.14   284.98     0.28
 2003  3 24 12.00   408    428171.0    408688.0  3672.0    -5.38    86.29     4.09   284.00     7.81
 2003  3 25 12.00   408    428171.0    408688.0  3672.0    -3.31    60.97     9.34   283.47     3.99
 2003  3 26 12.00   408    428171.0    408688.0  3672.0    -2.67    61.61     8.77   274.64     6.09
 2003  3 27 12.00   408    428171.0    408688.0  3672.0   -13.94    85.95     4.75   350.11     2.26
 2003  3 28 12.00   408    428171.0    408688.0  3672.0   -14.87    67.12     5.48     9.87     1.01
 2003  3 29 12.00   408    428171.0    408688.0  3672.0   -13.00    68.16     7.13   315.69     0.80
 2003  3 30 12.00   408    428171.0    408688.0  3672.0    -6.41    70.95     6.88   302.75     0.00
 2003  3 31 12.00   408    428171.0    408688.0  3672.0    -1.17    53.15     7.34   288.85     0.00
 2003  4  1 12.00   408    428171.0    408688.0  3672.0     1.94    36.46     8.03   230.32     0.00
 2003  4  2 12.00   408    428171.0    408688.0  3672.0     0.38    37.05    11.47   229.79     0.32
 2003  4  3 12.00   408    428171.0    408688.0  3672.0    -6.23    54.87     6.47   239.17     0.70
 2003  4  4 12.00   408    428171.0    408688.0  3672.0   -10.96    59.01     4.72   238.75     0.34
 2003  4  5 12.00   408    428171.0    408688.0  3672.0    -8.37    73.51     5.44   204.45     2.77
 2003  4  6 12.00   408    428171.0    408688.0  3672.0   -10.34    82.32     4.39   345.78     2.21
 2003  4  7 12.00   408    428171.0    408688.0  3672.0   -11.85    83.93     3.80   354.67     3.29
 2003  4  8 12.00   408    428171.0    408688.0  3672.0    -6.60    64.57     2.23    33.86     0.00
 2003  4  9 12.00   408    428171.0    408688.0  3672.0     1.66    25.03     2.87   280.36     0.00
 2003  4 10 12.00   408    428171.0    408688.0  3672.0     2.41    27.22     3.05   188.90     0.00
 2003  4 11 12.00   408    428171.0    408688.0  3672.0     1.93    35.74     2.97   171.83     0.50
 2003  4 12 12.00   408    428171.0    408688.0  3672.0     2.84    33.11     5.08   219.68     0.00
 2003  4 13 12.00   408    428171.0    408688.0  3672.0     3.97    28.55     4.43   213.10     0.00
 2003  4 14 12.00   408    428171.0    408688.0  3672.0     3.19    31.86     5.05   199.01     0.00
 2003  4 15 12.00   408    428171.0    408688.0  3672.0    -1.49    65.49     7.18   240.85    10.05
 2003  4 16 12.00   408    428171.0    408688.0  3672.0    -3.19    64.51     6.61   267.57     1.05
 2003  4 17 12.00   408    428171.0    408688.0  3672.0    -0.89    51.78     6.30   197.71     1.63
 2003  4 18 12.00   408    428171.0    408688.0  3672.0    -4.75    80.01     3.58   304.74     5.43
 2003  4 19 12.00   408    428171.0    408688.0  3672.0    -6.42    93.29     4.02    17.93     3.72
 2003  4 20 12.00   408    428171.0    408688.0  3672.0    -5.38    76.62     3.79   258.46     0.04
 2003  4 21 12.00   408    428171.0    408688.0  3672.0    -1.70    74.06     5.47   179.68     2.71
 2003  4 22 12.00   408    428171.0    408688.0  3672.0    -0.85    74.49     5.74   184.28     4.19
 2003  4 23 12.00   408    428171.0    408688.0  3672.0    -5.85    83.64     9.77   321.26    11.60
 2003  4 24 12.00   408    428171.0    408688.0  3672.0    -3.32    87.09     8.28   314.55    14.25
 2003  4 25 12.00   408    428171.0    408688.0  3672.0     0.42    61.28     5.82   229.48     0.00
 2003  4 26 12.00   408    428171.0    408688.0  3672.0     2.80    39.23     6.61   231.59     0.45
 2003  4 27 12.00   408    428171.0    408688.0  3672.0     1.01    50.81     6.10   197.59     0.16
 2003  4 28 12.00   408    428171.0    408688.0  3672.0     1.67    48.25     6.55   192.57     0.23
 2003  4 29 12.00   408    428171.0    408688.0  3672.0     0.76    47.12     3.33   207.18     1.16
 2003  4 30 12.00   408    428171.0    408688.0  3672.0    -2.82    58.28     3.74   289.71     1.70
 2003  5  1 12.00   408    428171.0    408688.0  3672.0    -4.72    69.85     4.74   260.80     2.14
 2003  5  2 12.00   408    428171.0    408688.0  3672.0    -2.09    58.80     6.61   230.60     2.27
 2003  5  3 12.00   408    428171.0    408688.0  3672.0     1.49    37.21     7.71   224.70     1.98
 2003  5  4 12.00   408    428171.0    408688.0  3672.0    -3.17    67.69    10.55   275.18     9.35
 2003  5  5 12.00   408    428171.0    408688.0  3672.0    -3.79    64.44     8.81   263.54     2.89
 2003  5  6 12.00   408    428171.0    408688.0  3672.0    -3.78    57.22     4.77   214.68     0.19
 2003  5  7 12.00   408    428171.0    408688.0  3672.0    -1.56    55.29     5.65   193.50     3.61
 2003  5  8 12.00   408    428171.0    408688.0  3672.0    -3.08    73.51     5.54   219.99     5.83
 2003  5  9 12.00   408    428171.0    408688.0  3672.0    -5.38    92.11     6.91   186.25     8.76
 2003  5 10 12.00   408    428171.0    408688.0  3672.0    -6.31    91.66     5.20   284.64     3.97
 2003  5 11 12.00   408    428171.0    408688.0  3672.0    -3.73    61.56     5.43   245.71     0.02
 2003  5 12 12.00   408    428171.0    408688.0  3672.0     1.08    46.20     4.71   229.53     0.00
 2003  5 13 12.00   408    428171.0    408688.0  3672.0     3.69    44.06     4.46   244.05     2.96
 2003  5 14 12.00   408    428171.0    408688.0  3672.0     3.90    59.19     2.82   224.52     0.70
 2003  5 15 12.00   408    428171.0    408688.0  3672.0     2.83    73.77     2.34    92.20     1.42
 2003  5 16 12.00   408    428171.0    408688.0  3672.0     5.99    54.85     3.38   213.25     0.00
 2003  5 17 12.00   408    428171.0    408688.0  3672.0     8.00    39.95     5.21   205.78     0.39
 2003  5 18 12.00   408    428171.0    408688.0  3672.0     3.70    67.12     3.66   268.42     2.08
 2003  5 19 12.00   408    428171.0    408688.0  3672.0    -0.61    72.33     3.92   232.54     0.16
 2003  5 20 12.00   408    428171.0    408688.0  3672.0     0.31    65.27     4.39   242.06     0.26
 2003  5 21 12.00   408    428171.0    408688.0  3672.0     3.65    47.84     3.89   285.93     0.00
 2003  5 22 12.00   408    428171.0    408688.0  3672.0     6.75    43.82     3.76   272.92     0.00
 2003  5 23 12.00   408    428171.0    408688.0  3672.0     7.89    41.88     2.78   286.67     1.10
 2003  5 24 12.00   408    428171.0    408688.0  3672.0     7.13    56.39     3.16   187.88     4.04
 2003  5 25 12.00   408    428171.0    408688.0  3672.0     7.07    55.96     2.75   213.46     3.38
 2003  5 26 12.00   408    428171.0    408688.0  3672.0     8.46    51.16     2.06   299.73     3.24
 2003  5 27 12.00   408    428171.0    408688.0  3672.0     9.95    55.30     3.22   342.95     1.45
 2003  5 28 12.00   408    428171.0    408688.0  3672.0    11.10    51.68     3.01   146.81     0.00
 2003  5 29 12.00   408    428171.0    408688.0  3672.0    11.74    45.49     2.97   283.64     4.94
 2003  5 30 12.00   408    428171.0    408688.0  3672.0     9.83    59.71     2.79   246.83    18.90
 2003  5 31 12.00   408    428171.0    408688.0  3672.0     9.54    59.30     2.90   272.56    13.14
 2003  6  1 12.00   408    428171.0    408688.0  3672.0     5.40    74.59     6.18   301.60     8.00
 2003  6  2 12.00   408    428171.0    408688.0  3672.0     5.30    62.94     4.44   294.74     4.35
 2003  6  3 12.00   408    428171.0    408688.0  3672.0     5.90    47.82     2.95   273.46     2.19
 2003  6  4 12.00   408    428171.0    408688.0  3672.0     3.04    60.33     3.54   313.16     6.60
 2003  6  5 12.00   408    428171.0    408688.0  3672.0     1.84    70.13     4.57   299.46     7.07
 2003  6  6 12.00   408    428171.0    408688.0  3672.0     1.35    68.27     6.48   295.88    11.25
 2003  6  7 12.00   408    428171.0    408688.0  3672.0     2.23    59.10     5.84   288.05     3.33
 2003  6  8 12.00   408    428171.0    408688.0  3672.0     4.86    42.09     4.57   291.16     0.03
 2003  6  9 12.00   408    428171.0    408688.0  3672.0     4.97    62.34     5.37   264.41    10.35
 2003  6 10 12.00   408    428171.0    408688.0  3672.0     6.50    68.89     4.57   266.48     9.19
 2003  6 11 12.00   408    428171.0    408688.0  3672.0     6.31    61.32     4.32   282.64     2.30
 2003  6 12 12.00   408    428171.0    408688.0  3672.0     4.92    69.42     2.15   281.94    12.20
 2003  6 13 12.00   408    428171.0    408688.0  3672.0     4.23    82.40     2.74   256.91    16.12
 2003  6 14 12.00   408    428171.0    408688.0  3672.0     6.24    62.31     3.84   306.47     0.00
 2003  6 15 12.00   408    428171.0    408688.0  3672.0     8.31    52.67     3.25   173.48     8.49
 2003  6 16 12.00   408    428171.0    408688.0  3672.0     8.26    56.20     2.82   119.26    23.08
 2003  6 17 12.00   408    428171.0    408688.0  3672.0     6.04    76.52     2.88   284.68     5.12
 2003  6 18 12.00   408    428171.0    408688.0  3672.0     6.35    74.89     3.04   281.91    12.03
 2003  6 19 12.00   408    428171.0    408688.0  3672.0     5.95    76.21     2.15   285.60    14.70
 2003  6 20 12.00   408    428171.0    408688.0  3672.0     5.31    74.08     4.65   239.68     7.47
 2003  6 21 12.00   408    428171.0    408688.0  3672.0     6.99    53.81     3.65   229.44     0.21
 2003  6 22 12.00   408    428171.0    408688.0  3672.0     8.66    53.05     3.44   223.35     0.19
 2003  6 23 12.00   408    428171.0    408688.0  3672.0     9.14    48.30     4.09   151.52     0.00
 2003  6 24 12.00   408    428171.0    408688.0  3672.0     7.61    47.93     5.17   182.46     0.64
 2003  6 25 12.00   408    428171.0    408688.0  3672.0     3.88    70.41     3.37   223.75     0.70
 2003  6 26 12.00   408    428171.0    408688.0  3672.0     5.70    52.97     2.78   259.91     0.00
 2003  6 27 12.00   408    428171.0    408688.0  3672.0     7.24    50.01     2.51   271.59     0.00
 2003  6 28 12.00   408    428171.0    408688.0  3672.0    10.20    41.16     2.58   193.90     0.53
 2003  6 29 12.00   408    428171.0    408688.0  3672.0     8.52    58.51     3.64   221.61     2.01
 2003  6 30 12.00   408    428171.0    408688.0  3672.0    11.64    40.51     3.52   207.78     0.25
 2003  7  1 12.00   408    428171.0    408688.0  3672.0    12.69    36.07     3.47   225.87     0.00
 2003  7  2 12.00   408    428171.0    408688.0  3672.0    12.72    28.04     4.29   211.34     0.00
 2003  7  3 12.00   408    428171.0    408688.0  3672.0    13.17    31.53     3.18   207.76     0.10
 2003  7  4 12.00   408    428171.0    408688.0  3672.0    13.51    27.58     3.25   305.12     0.00
 2003  7  5 12.00   408    428171.0    408688.0  3672.0    12.66    26.86     2.47   257.84     0.00
 2003  7  6 12.00   408    428171.0    408688.0  3672.0    13.11    30.26     2.81   249.80     3.86
 2003  7  7 12.00   408    428171.0    408688.0  3672.0    12.59    37.43     3.73   201.97     0.36
 2003  7  8 12.00   408    428171.0    408688.0  3672.0    15.12    28.80     4.11   234.15     0.00
 2003  7  9 12.00   408    428171.0    408688.0  3672.0    12.07    30.09     3.11   269.74     0.00
 2003  7 10 12.00   408    428171.0    408688.0  3672.0    12.95    30.39     3.40   338.59     0.00
 2003  7 11 12.00   408    428171.0    408688.0  3672.0    14.43    29.86     3.04   205.65     0.29
 2003  7 12 12.00   408    428171.0    408688.0  3672.0    13.44    35.27     2.71   311.46     1.67
 2003  7 13 12.00   408    428171.0    408688.0  3672.0    15.12    31.84     2.80   282.64     0.30
 2003  7 14 12.00   408    428171.0    408688.0  3672.0    14.20    32.65     3.56   293.72     3.19
 2003  7 15 12.00   408    428171.0    408688.0  3672.0    14.99    39.45     5.03   230.37    20.29
 2003  7 16 12.00   408    428171.0    408688.0  3672.0    13.54    51.67     3.82   291.12    15.20
 2003  7 17 12.00   408    428171.0    408688.0  3672.0    15.19    46.94     3.34    89.12    24.35
 2003  7 18 12.00   408    428171.0    408688.0  3672.0    13.87    53.86     3.54    40.30    39.65
 2003  7 19 12.00   408    428171.0    408688.0  3672.0    13.03    58.14     2.83   349.82    65.19
 2003  7 20 12.00   408    428171.0    408688.0  3672.0    11.37    70.56     1.90   354.38    12.70
 2003  7 21 12.00   408    428171.0    408688.0  3672.0    12.60    57.56     2.98    11.69     9.08
 2003  7 22 12.00   408    428171.0    408688.0  3672.0    13.97    52.53     3.22   289.11    12.12
 2003  7 23 12.00   408    428171.0    408688.0  3672.0    13.74    51.22     2.93   300.51     6.59
 2003  7 24 12.00   408    428171.0    408688.0  3672.0    15.11    44.81     2.32   326.20     7.06
 2003  7 25 12.00   408    428171.0    408688.0  3672.0    13.37    55.96     2.81   284.45    74.43
 2003  7 26 12.00   408    428171.0    408688.0  3672.0    13.10    63.53     2.14    24.59    17.55
 2003  7 27 12.00   408    428171.0    408688.0  3672.0    12.54    63.39     3.03    19.81     1.24
 2003  7 28 12.00   408    428171.0    408688.0  3672.0    11.38    63.62     2.93     9.52     2.18
 2003  7 29 12.00   408    428171.0    408688.0  3672.0     9.35    72.89     2.77   353.92     3.52
 2003  7 30 12.00   408    428171.0    408688.0  3672.0    10.40    51.08     2.38   294.23     0.54
 2003  7 31 12.00   408    428171.0    408688.0  3672.0    13.31    41.77     5.07   284.00     2.55
 2003  8  1 12.00   408    428171.0    408688.0  3672.0    12.11    51.44     3.27   308.01     0.10
 2003  8  2 12.00   408    428171.0    408688.0  3672.0    14.47    43.71     2.92   298.05     0.00
 2003  8  3 12.00   408    428171.0    408688.0  3672.0    10.54    74.40     2.48   266.99    27.50
 2003  8  4 12.00   408    428171.0    408688.0  3672.0    10.68    67.12     2.99   289.00     0.00
 2003  8  5 12.00   408    428171.0    408688.0  3672.0    12.46    54.43     3.49   140.61     3.12
 2003  8  6 12.00   408    428171.0    408688.0  3672.0    13.81    42.92     2.80   258.45     0.98
 2003  8  7 12.00   408    428171.0    408688.0  3672.0    12.00    61.96     3.27   299.97    26.07
 2003  8  8 12.00   408    428171.0    408688.0  3672.0    12.36    64.65     2.25   335.12     0.16
 2003  8  9 12.00   408    428171.0    408688.0  3672.0    12.73    56.83     2.75   342.10    14.48
 2003  8 10 12.00   408    428171.0    408688.0  3672.0    13.91    52.47     2.48     9.51     0.17
 2003  8 11 12.00   408    428171.0    408688.0  3672.0    12.35    58.42     2.66   129.30    12.92
 2003  8 12 12.00   408    428171.0    408688.0  3672.0    14.40    49.63     1.88   300.30     1.64
 2003  8 13 12.00   408    428171.0    408688.0  3672.0    13.67    54.14     2.08    20.57     0.32
 2003  8 14 12.00   408    428171.0    408688.0  3672.0    13.02    38.86     3.07    22.45     0.00
 2003  8 15 12.00   408    428171.0    408688.0  3672.0    12.25    47.41     3.63   159.05     0.13
