           1    62628571
           2     3417393
           3     4897912
           4           0
           5           0
           6    45428246
           7           0
           8           0
           9           0
          10        7241
          11           0
          12    26588066
          13           0
          14       25110
          15           0
          16           0
          17     2001157
          18     7762323
          19     3397062
          20     1881017
          21     2669895
          22    22926212
          23           0
          24    33994592
          25           0
